start=401.792952
volume=104.000000
